MEME version 5.4.1 (Release date: Sat Aug 21 19:23:23 2021 -0700)

ALPHABET= ACGT

strands: + -

A 0.209 C 0.291 G 0.291 T 0.209 

MOTIF	CTGGGAAWTGTAGTYY_SF_ZNF143_strict_motif_round1_201
letter-probability matrix: alength= 4 w= 16 nsites= 2057 E= 1.8e-7139 
 0.082158  0.796791  0.049101  0.071949 
 0.003889  0.104521  0.001945  0.889645 
 0.006320  0.000000  0.991736  0.001945 
 0.001458  0.000486  0.998055  0.000000 
 0.014584  0.000000  0.982499  0.002917 
 0.912494  0.011667  0.039864  0.035975 
 0.621293  0.079728  0.248420  0.050559 
 0.537190  0.065630  0.076325  0.320856 
 0.004861  0.070005  0.022849  0.902285 
 0.014098  0.000000  0.982499  0.003403 
 0.018474  0.043753  0.039378  0.898396 
 0.948955  0.000972  0.047156  0.002917 
 0.001945  0.000000  0.992222  0.005834 
 0.000486  0.001945  0.016043  0.981526 
 0.022363  0.527953  0.022363  0.427321 
 0.021390  0.472533  0.030141  0.475936 
