MEME version 5.4.1 (Release date: Sat Aug 21 19:23:23 2021 -0700)

ALPHABET= ACGT

strands: + -

A 0.197 C 0.303 G 0.303 T 0.197 

MOTIF	YTCCCAGMAKSCYC_ZNF143_no_round1_0005_201
letter-probability matrix: alength= 4 w= 14 nsites= 1148 E= 2.4e-813 
 0.128049  0.322300  0.114111  0.435540 
 0.189024  0.047909  0.050523  0.712544 
 0.000000  1.000000  0.000000  0.000000 
 0.000000  1.000000  0.000000  0.000000 
 0.000000  1.000000  0.000000  0.000000 
 0.734321  0.000000  0.265679  0.000000 
 0.051394  0.170732  0.574042  0.203833 
 0.378920  0.424216  0.185540  0.011324 
 0.729094  0.075784  0.195122  0.000000 
 0.082753  0.049652  0.289199  0.578397 
 0.035714  0.345819  0.462544  0.155923 
 0.000000  1.000000  0.000000  0.000000 
 0.225610  0.470383  0.016551  0.287456 
 0.087108  0.536585  0.111498  0.264808 
