MEME version 5.4.1
ALPHABET= ACGT
strands: + -
 
Background letter frequencies (from uniform background):
A 0.30000 C 0.20000 G 0.20000 T 0.30000
MOTIF ZNF143
 
letter-probability matrix: alength= 4 w= 29
0.146017699115044 0.269911504424779 0.468473451327434 0.115597345132743
0.0978441127694859 0.344389165284688 0.399668325041459 0.158098396904367
0.108839779005525 0.686187845303867 0.0895027624309392 0.115469613259669
0.0608407079646018 0.243362831858407 0.632190265486726 0.0636061946902655
0.0861878453038674 0.784530386740331 0.056353591160221 0.0729281767955801
0.322295805739514 0.0778145695364238 0.512141280353201 0.0877483443708609
0.232378854625551 0.186674008810573 0.493942731277533 0.0870044052863436
0.231995601979109 0.0527762506871908 0.482133040131941 0.233095107201759
0.0268935236004391 0.0252469813391877 0.922063666300768 0.0257958287596048
0.0905598243688255 0.58397365532382 0.264544456641054 0.0609220636663008
0.463521667580911 0.38069116840373 0.0669226549643445 0.0888645090510148
0.0257393209200438 0.265607886089814 0.067907995618839 0.640744797371303
0.0284775465498357 0.214676889375685 0.403614457831325 0.353231106243154
0.130815544608648 0.662287903667214 0.14176245210728 0.0651340996168582
0.00328048113723346 0.249316566429743 0.00437397484964461 0.743028977583379
0.00492341356673961 0 0.992341356673961 0.00273522975929978
0.00273822562979189 0.000547645125958379 0.996166484118291 0.000547645125958379
0.0219058050383352 0.00109529025191676 0.966593647316539 0.0104052573932092
0.769020251778872 0.0569239189928845 0.0831964969896004 0.0908593322386426
0.404383561643836 0.155616438356164 0.344109589041096 0.0958904109589041
0.296926454445664 0.171240395170143 0.181668496158068 0.350164654226125
0.0768386388583974 0.167398463227223 0.159165751920966 0.596597145993414
0.0813186813186813 0.107692307692308 0.745604395604396 0.0653846153846154
0.0933552992861065 0.13618890719385 0.188358045030203 0.582097748489841
0.641954969796815 0.101043382756727 0.199890170236134 0.057111477210324
0.0736263736263736 0.112087912087912 0.742857142857143 0.0714285714285714
0.0621220450797141 0.104452996151732 0.167124793842771 0.666300164925783
0.077007700770077 0.418591859185919 0.166116611661166 0.338283828382838
0.103789126853377 0.473366282262493 0.162548050521691 0.260296540362438
