MEME version 5.5.3 (Release date: Sat Jun 10 16:19:38 2023 -0700)

ALPHABET= ACGT

strands: + -

A 0.232 C 0.268 G 0.268 T 0.232 

MOTIF	27-SGTGCCGTGGGAGC
letter-probability matrix: alength= 4 w= 14 nsites= 16 E= 3.0e+001
 0.002211 0.597200 0.398379 0.002211
 0.002211 0.002548 0.993030 0.002211
 0.134155 0.002548 0.002548 0.860750
 0.068183 0.002548 0.927058 0.002211
 0.002211 0.795115 0.200463 0.002211
 0.134155 0.531228 0.200463 0.134155
 0.002211 0.068520 0.927058 0.002211
 0.002211 0.002548 0.002548 0.992693
 0.266098 0.134491 0.597200 0.002211
 0.068183 0.002548 0.927058 0.002211
 0.002211 0.134491 0.861087 0.002211
 0.992693 0.002548 0.002548 0.002211
 0.068183 0.068520 0.861087 0.002211
 0.002211 0.795115 0.068520 0.134155
