MEME version 5.4.1
ALPHABET= ACGT
strands: + -
 
Background letter frequencies (from uniform background):
A 0.30000 C 0.20000 G 0.20000 T 0.30000
MOTIF ZNF143strict201_comp29motif
 
letter-probability matrix: alength= 4 w= 29
0.176436448055717 0.26639582124202 0.421358096343587 0.135809634358677
0.134978229317852 0.33410740203193 0.358200290275762 0.172714078374456
0.14530162412993 0.548143851508121 0.156322505800464 0.150232018561485
0.113399071925754 0.275522041763341 0.516241299303944 0.0948375870069606
0.129237902057375 0.600405679513185 0.147783251231527 0.122573167197914
0.299363057324841 0.147654892877823 0.43341053850608 0.119571511291257
0.236994219653179 0.198554913294798 0.451156069364162 0.113294797687861
0.244438023692574 0.0993932389482808 0.442646633920832 0.213522103438313
0.0523272622145129 0.0630239953743857 0.834056085573865 0.0505926568372362
0.139884393063584 0.458959537572254 0.303179190751445 0.0979768786127168
0.387973402717548 0.344319167389419 0.141370338248049 0.126337091644984
0.0418712099335836 0.257291365867745 0.128790066416402 0.57204735778227
0.06002886002886 0.22972582972583 0.37950937950938 0.330735930735931
0.144588744588745 0.611544011544012 0.163059163059163 0.0808080808080808
0.0222286374133949 0.248845265588915 0.0242494226327945 0.704676674364896
0.023094688221709 0.0274249422632794 0.938799076212471 0.0106812933025404
0.0106751298326601 0.00605885747259088 0.963069821119446 0.0201961915753029
0.0245168733775598 0.0334583213152581 0.929333717911739 0.0126910873954427
0.736159169550173 0.0530565167243368 0.0769896193771626 0.133794694348328
0.401904212348529 0.135603000577034 0.372186959030583 0.0903058280438546
0.300895177591683 0.187987294253537 0.224371931850996 0.286745596303783
0.101068437770719 0.171527577245163 0.219174126479931 0.508229858504187
0.137821438890494 0.122507945680439 0.640566310314938 0.0991043051141289
0.121676300578035 0.170231213872832 0.258959537572254 0.449132947976879
0.533121203355511 0.146948221000868 0.229968180503327 0.089962395140295
0.109054093144345 0.13682383569569 0.655481631472375 0.0986404396875904
0.107256432494941 0.143394044521538 0.212200057820179 0.537149465163342
0.104016180294713 0.384281999422132 0.205431956082057 0.306269864201098
0.122589928057554 0.402302158273381 0.200863309352518 0.274244604316547
