MEME version 5.4.1
ALPHABET= ACGT
strands: + -
 
Background letter frequencies (from uniform background):
A 0.30000 C 0.20000 G 0.20000 T 0.30000
MOTIF ZNF143_top1000
 
letter-probability matrix: alength= 4 w= 35
0.165118679050568 0.332301341589267 0.325077399380805 0.17750257997936
0.106295149638803 0.274509803921569 0.502579979360165 0.116615067079463
0.077319587628866 0.361855670103093 0.408247422680412 0.152577319587629
0.0762100926879506 0.750772399588054 0.0895983522142122 0.0834191555097837
0.0411946446961895 0.261585993820803 0.644696189495366 0.0525231719876416
0.0813594232749743 0.790937178166838 0.0504634397528321 0.0772399588053553
0.311408016443988 0.079136690647482 0.543679342240493 0.065775950668037
0.229038854805726 0.193251533742331 0.479550102249489 0.098159509202454
0.221654749744637 0.0500510725229826 0.489274770173647 0.239019407558733
0.0316004077471967 0.0519877675840979 0.886850152905199 0.0295616717635066
0.091743119266055 0.62691131498471 0.213047910295617 0.0682976554536188
0.412423625254582 0.410386965376782 0.0712830957230143 0.105906313645621
0.0213631739572737 0.266531027466938 0.0488301119023398 0.663275686673449
0.0386571719226857 0.22177009155646 0.376398779247202 0.363173957273652
0.103763987792472 0.703967446592065 0.0996948118006104 0.0925737538148525
0.00304568527918782 0.190862944162437 0.0385786802030457 0.76751269035533
0.00406091370558376 0 0.992893401015228 0.00304568527918782
0.00406091370558376 0.00101522842639594 0.993908629441624 0.00101522842639594
0.0446700507614213 0.00101522842639594 0.943147208121827 0.0111675126903553
0.852791878172589 0.0243654822335025 0.0609137055837563 0.0619289340101523
0.400406504065041 0.138211382113821 0.388211382113821 0.0731707317073171
0.276422764227642 0.121951219512195 0.119918699186992 0.481707317073171
0.032520325203252 0.119918699186992 0.0965447154471545 0.751016260162602
0.0396341463414634 0.0315040650406504 0.892276422764228 0.0365853658536585
0.0640243902439024 0.0691056910569106 0.111788617886179 0.755081300813008
0.822154471544715 0.0365853658536585 0.119918699186992 0.0213414634146341
0.0223577235772358 0.0365853658536585 0.895325203252033 0.0457317073170732
0.0193482688391039 0.0458248472505092 0.0539714867617108 0.880855397148676
0.0295315682281059 0.483706720977597 0.0723014256619145 0.414460285132383
0.0569684638860631 0.58087487283825 0.0844354018311292 0.277721261444557
0.179878048780488 0.344512195121951 0.231707317073171 0.24390243902439
0.150406504065041 0.348577235772358 0.285569105691057 0.215447154471545
0.192073170731707 0.289634146341463 0.333333333333333 0.184959349593496
0.17293997965412 0.336724313326551 0.314343845371312 0.175991861648016
0.143438453713123 0.327568667344863 0.343845371312309 0.185147507629705
