MEME version 5.4.1
ALPHABET= ACGT
strands: + -
 
Background letter frequencies (from uniform background):
A 0.30000 C 0.20000 G 0.20000 T 0.30000
MOTIF ZNF143_29_2182
 
letter-probability matrix: alength= 4 w= 29
0.13781877373847 0.272381985892566 0.485078676071622 0.104720564297341
0.0829718004338395 0.359002169197397 0.411605206073753 0.146420824295011
0.0905149051490515 0.737127371273713 0.0775067750677507 0.0948509485094851
0.0439262472885033 0.225054229934924 0.677874186550976 0.0531453362255965
0.080715059588299 0.806608884073673 0.0444203683640303 0.0682556879739978
0.326663061114116 0.0789616008653326 0.519740400216333 0.0746349378042185
0.227370689655172 0.1875 0.505926724137931 0.0792025862068965
0.233584499461787 0.0522066738428418 0.482777179763186 0.231431646932185
0.0274046211714132 0.0263299301450833 0.924771628156905 0.0214938205265986
0.0891993551853842 0.596453519613111 0.250940354648039 0.0634067705534659
0.467525496511004 0.373054213633924 0.0719269994632313 0.0874932903918411
0.0235924932975871 0.267560321715818 0.050402144772118 0.658445040214477
0.0273458445040214 0.215013404825737 0.403753351206434 0.353887399463807
0.133440514469453 0.672561629153269 0.128617363344051 0.0653804930332262
0.00802997858672377 0.234475374732334 0.00588865096359743 0.751605995717345
0.00588865096359743 0.000535331905781585 0.990899357601713 0.00267665952890792
0.00213903743315508 0.00267379679144385 0.994117647058824 0.00106951871657754
0.0203208556149733 0.00053475935828877 0.96951871657754 0.00962566844919786
0.823623730625334 0.0406199893105291 0.0571886691608765 0.0785676109032603
0.411670235546039 0.142398286937901 0.365631691648822 0.0802997858672377
0.295284030010718 0.165058949624866 0.169882100750268 0.369774919614148
0.0643086816720257 0.159163987138264 0.163451232583065 0.613076098606645
0.0751072961373391 0.098175965665236 0.773068669527897 0.0536480686695279
0.0868632707774799 0.120107238605898 0.19142091152815 0.601608579088472
0.665415549597855 0.0970509383378016 0.184986595174263 0.0525469168900804
0.0621983914209115 0.100804289544236 0.771045576407507 0.0659517426273458
0.0584763948497854 0.103004291845494 0.145386266094421 0.6931330472103
0.0622317596566524 0.437231759656652 0.158798283261803 0.341738197424893
0.0867702196036422 0.504017139796465 0.156936261381896 0.252276379217997
