MEME version 4
ALPHABET= ACGT
strands: + -
 
Background letter frequencies (from uniform background):
A 0.30000 C 0.20000 G 0.20000 T 0.30000
MOTIF ZNF143
 
letter-probability matrix: alength= 4 w= 29
0.162925416364953 0.25887038377987 0.452570601013758 0.125633598841419
0.1151339608979 0.350470673425054 0.372556118754526 0.16183924692252
0.127351664254703 0.616859623733719 0.11794500723589 0.137843704775687
0.0763110307414105 0.261482820976492 0.593851717902351 0.0683544303797468
0.111231491513182 0.688335139039364 0.0949801372336584 0.105453232213796
0.322033898305085 0.103137396321673 0.470609448250992 0.10421925712225
0.247122302158273 0.181654676258993 0.466187050359712 0.105035971223022
0.240201366414959 0.0751528227256383 0.459546925566343 0.22509888529306
0.042400287459576 0.0434782608695652 0.877111031261229 0.0370104204096299
0.111709770114943 0.521192528735632 0.298132183908046 0.0689655172413793
0.45262024407753 0.360732232591529 0.0875807609475951 0.0990667623833453
0.0512544802867384 0.254838709677419 0.0813620071684588 0.612544802867384
0.0408455750627015 0.222500895736295 0.395198853457542 0.341454675743461
0.156160458452722 0.643266475644699 0.129656160458453 0.0709169054441261
0.0304550340379792 0.222500895736295 0.016839842350412 0.730204227875313
0.0143266475644699 0.00358166189111748 0.977793696275072 0.00429799426934097
0.0082319255547602 0.00143163922691482 0.988546886184681 0.00178954903364352
0.0261274158911954 0.00214745884037223 0.957050823192556 0.0146743020758769
0.775071633237822 0.0508595988538682 0.0727077363896848 0.101361031518625
0.428161949122178 0.131494088140451 0.344679326406306 0.0956646363310641
0.307747489239598 0.181492109038737 0.187230989956958 0.323529411764706
0.0964503406238795 0.160631050555755 0.193617784152026 0.54930082466834
0.102978112665949 0.127018299246502 0.676354503049874 0.0936490850376749
0.109795479009688 0.155364190886258 0.226408324363114 0.50843200574094
0.557271095152603 0.13967684021544 0.226211849192101 0.0768402154398564
0.0873472322070453 0.12724658519051 0.692307692307692 0.093098490294752
0.088785046728972 0.123292595255212 0.207045291157441 0.580877066858375
0.0973769313690262 0.388789076536112 0.20697089471793 0.306863097376931
0.124105865522175 0.434191702432046 0.194921316165951 0.246781115879828
